R90
0 0 (1.0000000000000007, -10.0)
S1
0 0 (1.0000000000000007, -11.0)
R90
0 0 (-11.0, -1.0000000000000013)
W2
0 0 (-13.0, -1.0000000000000013)
S3
0 0 (-13.0, -4.000000000000002)
L270
0 0 (-3.9999999999999996, 13.0)
L90
0 0 (-13.0, -3.9999999999999987)
S2
0 0 (-13.0, -5.999999999999998)
F2
-26.0 -11.999999999999996 (-39.0, -17.999999999999993)
L90
-26.0 -11.999999999999996 (-20.000000000000004, -24.999999999999996)
W2
-26.0 -11.999999999999996 (-22.000000000000004, -24.999999999999996)
S5
-26.0 -11.999999999999996 (-22.000000000000004, -29.999999999999996)
E2
-26.0 -11.999999999999996 (-20.000000000000004, -29.999999999999996)
S5
-26.0 -11.999999999999996 (-20.000000000000004, -35.0)
F42
225.99999999999986 -978.0000000000001 (231.99999999999986, -1001.0000000000001)
W5
225.99999999999986 -978.0000000000001 (226.99999999999986, -1001.0000000000001)
L90
225.99999999999986 -978.0000000000001 (248.99999999999986, -977.0000000000001)
F15
570.9999999999999 -963.0000000000001 (593.9999999999999, -962.0000000000001)
R90
570.9999999999999 -963.0000000000001 (571.9999999999999, -986.0000000000001)
S2
570.9999999999999 -963.0000000000001 (571.9999999999999, -988.0000000000001)
F76
646.9999999999999 -2863.0 (647.9999999999999, -2888.0)
E1
646.9999999999999 -2863.0 (648.9999999999999, -2888.0)
F26
698.9999999999999 -3513.0 (700.9999999999999, -3538.0)
R90
698.9999999999999 -3513.0 (673.9999999999999, -3515.0)
W1
698.9999999999999 -3513.0 (672.9999999999999, -3515.0)
L90
698.9999999999999 -3513.0 (700.9999999999999, -3539.0)
W1
698.9999999999999 -3513.0 (699.9999999999999, -3539.0)
F20
718.9999999999999 -4033.0 (719.9999999999999, -4059.0)
L180
718.9999999999999 -4033.0 (717.9999999999999, -4007.0)
F38
680.9999999999999 -3045.0 (679.9999999999999, -3019.0)
S2
680.9999999999999 -3045.0 (679.9999999999999, -3021.0)
W5
680.9999999999999 -3045.0 (674.9999999999999, -3021.0)
F13
602.9999999999999 -2733.0 (596.9999999999999, -2709.0)
N3
602.9999999999999 -2733.0 (596.9999999999999, -2706.0)
E2
602.9999999999999 -2733.0 (598.9999999999999, -2706.0)
N4
602.9999999999999 -2733.0 (598.9999999999999, -2702.0)
L90
602.9999999999999 -2733.0 (571.9999999999999, -2737.0)
N1
602.9999999999999 -2733.0 (571.9999999999999, -2736.0)
E4
602.9999999999999 -2733.0 (575.9999999999999, -2736.0)
L90
602.9999999999999 -2733.0 (605.9999999999999, -2760.0)
E2
602.9999999999999 -2733.0 (607.9999999999999, -2760.0)
F21
707.9999999999999 -3300.0 (712.9999999999999, -3327.0)
R90
707.9999999999999 -3300.0 (680.9999999999999, -3305.0)
N5
707.9999999999999 -3300.0 (680.9999999999999, -3300.0)
F78
-1398.0 -3300.0 (-1425.0, -3300.0)
E3
-1398.0 -3300.0 (-1422.0, -3300.0)
L90
-1398.0 -3300.0 (-1398.0, -3324.0)
W4
-1398.0 -3300.0 (-1402.0, -3324.0)
S2
-1398.0 -3300.0 (-1402.0, -3326.0)
R180
-1398.0 -3300.0 (-1394.0, -3274.0)
F53
-1186.0 -1922.0 (-1182.0, -1896.0)
E5
-1186.0 -1922.0 (-1177.0, -1896.0)
F42
-808.0 -830.0 (-799.0, -804.0)
N1
-808.0 -830.0 (-799.0, -803.0)
R90
-808.0 -830.0 (-781.0, -839.0)
F70
1082.0 -1460.0 (1109.0, -1469.0)
E1
1082.0 -1460.0 (1110.0, -1469.0)
N5
1082.0 -1460.0 (1110.0, -1464.0)
W4
1082.0 -1460.0 (1106.0, -1464.0)
S5
1082.0 -1460.0 (1106.0, -1469.0)
R90
1082.0 -1460.0 (1073.0, -1484.0)
W3
1082.0 -1460.0 (1070.0, -1484.0)
L90
1082.0 -1460.0 (1106.0, -1472.0)
F74
2858.0 -2348.0 (2882.0, -2360.0)
E5
2858.0 -2348.0 (2887.0, -2360.0)
L180
2858.0 -2348.0 (2829.0, -2336.0)
L90
2858.0 -2348.0 (2846.0, -2377.0)
S5
2858.0 -2348.0 (2846.0, -2382.0)
F51
2246.0 -4082.0 (2234.0, -4116.0)
W4
2246.0 -4082.0 (2230.0, -4116.0)
F33
1718.0 -5204.0 (1702.0, -5238.0)
N5
1718.0 -5204.0 (1702.0, -5233.0)
F55
838.0 -6799.0 (822.0, -6828.0)
L90
838.0 -6799.0 (867.0, -6815.0)
W3
838.0 -6799.0 (864.0, -6815.0)
R180
838.0 -6799.0 (812.0, -6783.0)
E3
838.0 -6799.0 (815.0, -6783.0)
N4
838.0 -6799.0 (815.0, -6779.0)
E3
838.0 -6799.0 (818.0, -6779.0)
R180
838.0 -6799.0 (858.0, -6819.0)
E2
838.0 -6799.0 (860.0, -6819.0)
N2
838.0 -6799.0 (860.0, -6817.0)
W4
838.0 -6799.0 (856.0, -6817.0)
L90
838.0 -6799.0 (856.0, -6781.0)
F13
1072.0 -6565.0 (1090.0, -6547.0)
W3
1072.0 -6565.0 (1087.0, -6547.0)
S2
1072.0 -6565.0 (1087.0, -6549.0)
W4
1072.0 -6565.0 (1083.0, -6549.0)
F89
2051.0 -5141.0 (2062.0, -5125.0)
L90
2051.0 -5141.0 (2035.0, -5130.0)
F92
579.0 -4129.0 (563.0, -4118.0)
R90
579.0 -4129.0 (590.0, -4113.0)
N5
579.0 -4129.0 (590.0, -4108.0)
R90
579.0 -4129.0 (600.0, -4140.0)
W3
579.0 -4129.0 (597.0, -4140.0)
N1
579.0 -4129.0 (597.0, -4139.0)
R90
579.0 -4129.0 (569.0, -4147.0)
N3
579.0 -4129.0 (569.0, -4144.0)
F38
199.0 -4699.0 (189.0, -4714.0)
W3
199.0 -4699.0 (186.0, -4714.0)
L90
199.0 -4699.0 (214.0, -4712.0)
W3
199.0 -4699.0 (211.0, -4712.0)
S2
199.0 -4699.0 (211.0, -4714.0)
R90
199.0 -4699.0 (184.0, -4711.0)
E1
199.0 -4699.0 (185.0, -4711.0)
F24
-137.0 -4987.0 (-151.0, -4999.0)
L90
-137.0 -4987.0 (-125.0, -5001.0)
F70
703.0 -5967.0 (715.0, -5981.0)
E4
703.0 -5967.0 (719.0, -5981.0)
S1
703.0 -5967.0 (719.0, -5982.0)
R90
703.0 -5967.0 (688.0, -5983.0)
E4
703.0 -5967.0 (692.0, -5983.0)
S2
703.0 -5967.0 (692.0, -5985.0)
F3
670.0 -6021.0 (659.0, -6039.0)
W4
670.0 -6021.0 (655.0, -6039.0)
N3
670.0 -6021.0 (655.0, -6036.0)
E1
670.0 -6021.0 (656.0, -6036.0)
L180
670.0 -6021.0 (684.0, -6006.0)
F10
810.0 -5871.0 (824.0, -5856.0)
E5
810.0 -5871.0 (829.0, -5856.0)
F5
905.0 -5796.0 (924.0, -5781.0)
N4
905.0 -5796.0 (924.0, -5777.0)
F83
2482.0 -4219.0 (2501.0, -4200.0)
F98
4344.0 -2357.0 (4363.0, -2338.0)
E1
4344.0 -2357.0 (4364.0, -2338.0)
N4
4344.0 -2357.0 (4364.0, -2334.0)
E2
4344.0 -2357.0 (4366.0, -2334.0)
E1
4344.0 -2357.0 (4367.0, -2334.0)
L180
4344.0 -2357.0 (4321.0, -2380.0)
W2
4344.0 -2357.0 (4319.0, -2380.0)
F29
3619.0 -3024.0 (3594.0, -3047.0)
N4
3619.0 -3024.0 (3594.0, -3043.0)
L90
3619.0 -3024.0 (3638.0, -3049.0)
E2
3619.0 -3024.0 (3640.0, -3049.0)
F66
5005.0 -4674.0 (5026.0, -4699.0)
N2
5005.0 -4674.0 (5026.0, -4697.0)
W5
5005.0 -4674.0 (5021.0, -4697.0)
L180
5005.0 -4674.0 (4989.0, -4651.0)
E4
5005.0 -4674.0 (4993.0, -4651.0)
F24
4717.0 -4122.0 (4705.0, -4099.0)
L180
4717.0 -4122.0 (4729.0, -4145.0)
N3
4717.0 -4122.0 (4729.0, -4142.0)
S1
4717.0 -4122.0 (4729.0, -4143.0)
E4
4717.0 -4122.0 (4733.0, -4143.0)
L180
4717.0 -4122.0 (4701.0, -4101.0)
N3
4717.0 -4122.0 (4701.0, -4098.0)
R90
4717.0 -4122.0 (4741.0, -4106.0)
F84
6733.0 -2778.0 (6757.0, -2762.0)
F25
7333.0 -2378.0 (7357.0, -2362.0)
N4
7333.0 -2378.0 (7357.0, -2358.0)
E5
7333.0 -2378.0 (7362.0, -2358.0)
N4
7333.0 -2378.0 (7362.0, -2354.0)
E4
7333.0 -2378.0 (7366.0, -2354.0)
F37
8554.0 -1490.0 (8587.0, -1466.0)
L180
8554.0 -1490.0 (8521.0, -1514.0)
F50
6904.0 -2690.0 (6871.0, -2714.0)
L90
6904.0 -2690.0 (6928.0, -2723.0)
E4
6904.0 -2690.0 (6932.0, -2723.0)
L90
6904.0 -2690.0 (6937.0, -2662.0)
S2
6904.0 -2690.0 (6937.0, -2664.0)
R90
6904.0 -2690.0 (6930.0, -2723.0)
N1
6904.0 -2690.0 (6930.0, -2722.0)
L90
6904.0 -2690.0 (6936.0, -2664.0)
E1
6904.0 -2690.0 (6937.0, -2664.0)
N3
6904.0 -2690.0 (6937.0, -2661.0)
F59
8851.0 -979.0 (8884.0, -950.0)
R90
8851.0 -979.0 (8880.0, -1012.0)
N2
8851.0 -979.0 (8880.0, -1010.0)
E3
8851.0 -979.0 (8883.0, -1010.0)
S2
8851.0 -979.0 (8883.0, -1012.0)
R90
8851.0 -979.0 (8818.0, -1011.0)
F25
8026.0 -1779.0 (7993.0, -1811.0)
L90
8026.0 -1779.0 (8058.0, -1812.0)
W5
8026.0 -1779.0 (8053.0, -1812.0)
F6
8188.0 -1977.0 (8215.0, -2010.0)
E2
8188.0 -1977.0 (8217.0, -2010.0)
F5
8333.0 -2142.0 (8362.0, -2175.0)
N3
8333.0 -2142.0 (8362.0, -2172.0)
L90
8333.0 -2142.0 (8363.0, -2113.0)
W2
8333.0 -2142.0 (8361.0, -2113.0)
F18
8837.0 -1620.0 (8865.0, -1591.0)
R90
8837.0 -1620.0 (8866.0, -1648.0)
N5
8837.0 -1620.0 (8866.0, -1643.0)
F10
9127.0 -1850.0 (9156.0, -1873.0)
N5
9127.0 -1850.0 (9156.0, -1868.0)
R90
9127.0 -1850.0 (9109.0, -1879.0)
E4
9127.0 -1850.0 (9113.0, -1879.0)
L90
9127.0 -1850.0 (9156.0, -1864.0)
N3
9127.0 -1850.0 (9156.0, -1861.0)
F61
10896.0 -2521.0 (10925.0, -2532.0)
W2
10896.0 -2521.0 (10923.0, -2532.0)
F77
12975.0 -3368.0 (13002.0, -3379.0)
R180
12975.0 -3368.0 (12948.0, -3357.0)
F76
10923.0 -2532.0 (10896.0, -2521.0)
W5
10923.0 -2532.0 (10891.0, -2521.0)
N5
10923.0 -2532.0 (10891.0, -2516.0)
S5
10923.0 -2532.0 (10891.0, -2521.0)
L180
10923.0 -2532.0 (10955.0, -2543.0)
F90
13803.0 -3522.0 (13835.0, -3533.0)
R90
13803.0 -3522.0 (13792.0, -3554.0)
E1
13803.0 -3522.0 (13793.0, -3554.0)
S1
13803.0 -3522.0 (13793.0, -3555.0)
E2
13803.0 -3522.0 (13795.0, -3555.0)
L90
13803.0 -3522.0 (13836.0, -3530.0)
F12
14199.0 -3618.0 (14232.0, -3626.0)
S5
14199.0 -3618.0 (14232.0, -3631.0)
F10
14529.0 -3748.0 (14562.0, -3761.0)
R90
14529.0 -3748.0 (14516.0, -3781.0)
S1
14529.0 -3748.0 (14516.0, -3782.0)
E1
14529.0 -3748.0 (14517.0, -3782.0)
L90
14529.0 -3748.0 (14563.0, -3760.0)
F51
16263.0 -4360.0 (16297.0, -4372.0)
S4
16263.0 -4360.0 (16297.0, -4376.0)
W4
16263.0 -4360.0 (16293.0, -4376.0)
F6
16443.0 -4456.0 (16473.0, -4472.0)
R90
16443.0 -4456.0 (16427.0, -4486.0)
W2
16443.0 -4456.0 (16425.0, -4486.0)
F62
15327.0 -6316.0 (15309.0, -6346.0)
R180
15327.0 -6316.0 (15345.0, -6286.0)
S5
15327.0 -6316.0 (15345.0, -6291.0)
E1
15327.0 -6316.0 (15346.0, -6291.0)
R90
15327.0 -6316.0 (15352.0, -6335.0)
N5
15327.0 -6316.0 (15352.0, -6330.0)
F37
16252.0 -6834.0 (16277.0, -6848.0)
E5
16252.0 -6834.0 (16282.0, -6848.0)
F41
17482.0 -7408.0 (17512.0, -7422.0)
R90
17482.0 -7408.0 (17468.0, -7438.0)
E3
17482.0 -7408.0 (17471.0, -7438.0)
S5
17482.0 -7408.0 (17471.0, -7443.0)
E5
17482.0 -7408.0 (17476.0, -7443.0)
N2
17482.0 -7408.0 (17476.0, -7441.0)
N5
17482.0 -7408.0 (17476.0, -7436.0)
R90
17482.0 -7408.0 (17454.0, -7402.0)
W2
17482.0 -7408.0 (17452.0, -7402.0)
S3
17482.0 -7408.0 (17452.0, -7405.0)
W3
17482.0 -7408.0 (17449.0, -7405.0)
R90
17482.0 -7408.0 (17485.0, -7375.0)
F9
17509.0 -7111.0 (17512.0, -7078.0)
R90
17509.0 -7111.0 (17542.0, -7114.0)
E4
17509.0 -7111.0 (17546.0, -7114.0)
L90
17509.0 -7111.0 (17512.0, -7074.0)
N3
17509.0 -7111.0 (17512.0, -7071.0)
F9
17536.0 -6751.0 (17539.0, -6711.0)
R180
17536.0 -6751.0 (17533.0, -6791.0)
S3
17536.0 -6751.0 (17533.0, -6794.0)
R90
17536.0 -6751.0 (17493.0, -6748.0)
W3
17536.0 -6751.0 (17490.0, -6748.0)
F100
12936.0 -6451.0 (12890.0, -6448.0)
F58
10268.0 -6277.0 (10222.0, -6274.0)
L180
10268.0 -6277.0 (10314.0, -6280.0)
N2
10268.0 -6277.0 (10314.0, -6278.0)
L90
10268.0 -6277.0 (10269.0, -6231.0)
S1
10268.0 -6277.0 (10269.0, -6232.0)
W1
10268.0 -6277.0 (10268.0, -6232.0)
N1
10268.0 -6277.0 (10268.0, -6231.0)
W2
10268.0 -6277.0 (10266.0, -6231.0)
S5
10268.0 -6277.0 (10266.0, -6236.0)
E2
10268.0 -6277.0 (10268.0, -6236.0)
W3
10268.0 -6277.0 (10265.0, -6236.0)
F44
10136.0 -4473.0 (10133.0, -4432.0)
R90
10136.0 -4473.0 (10177.0, -4470.0)
F11
10587.0 -4440.0 (10628.0, -4437.0)
R90
10587.0 -4440.0 (10590.0, -4481.0)
E4
10587.0 -4440.0 (10594.0, -4481.0)
S5
10587.0 -4440.0 (10594.0, -4486.0)
R270
10587.0 -4440.0 (10633.0, -4433.0)
F20
11507.0 -4300.0 (11553.0, -4293.0)
S4
11507.0 -4300.0 (11553.0, -4297.0)
F90
15647.0 -4030.0 (15693.0, -4027.0)
L90
15647.0 -4030.0 (15644.0, -3984.0)
E1
15647.0 -4030.0 (15645.0, -3984.0)
S4
15647.0 -4030.0 (15645.0, -3988.0)
E2
15647.0 -4030.0 (15647.0, -3988.0)
L90
15647.0 -4030.0 (15605.0, -4030.0)
S3
15647.0 -4030.0 (15605.0, -4033.0)
F69
12749.0 -4237.0 (12707.0, -4240.0)
L90
12749.0 -4237.0 (12752.0, -4279.0)
F79
12986.0 -7555.0 (12989.0, -7597.0)
E3
12986.0 -7555.0 (12992.0, -7597.0)
R180
12986.0 -7555.0 (12980.0, -7513.0)
F22
12854.0 -6631.0 (12848.0, -6589.0)
E2
12854.0 -6631.0 (12850.0, -6589.0)
F71
12570.0 -3649.0 (12566.0, -3607.0)
S3
12570.0 -3649.0 (12566.0, -3610.0)
L90
12570.0 -3649.0 (12531.0, -3653.0)
F58
10308.0 -3881.0 (10269.0, -3885.0)
E2
10308.0 -3881.0 (10271.0, -3885.0)
S4
10308.0 -3881.0 (10271.0, -3889.0)
L90
10308.0 -3881.0 (10316.0, -3918.0)
S1
10308.0 -3881.0 (10316.0, -3919.0)
E4
10308.0 -3881.0 (10320.0, -3919.0)
L180
10308.0 -3881.0 (10296.0, -3843.0)
F86
9276.0 -613.0 (9264.0, -575.0)
N5
9276.0 -613.0 (9264.0, -570.0)
R90
9276.0 -613.0 (9319.0, -601.0)
F57
11727.0 71.0 (11770.0, 83.0)
L180
11727.0 71.0 (11684.0, 59.00000000000001)
W1
11727.0 71.0 (11683.0, 59.00000000000001)
L90
11727.0 71.0 (11739.0, 27.0)
F64
12495.0 -2745.0 (12507.0, -2789.0)
S1
12495.0 -2745.0 (12507.0, -2790.0)
W2
12495.0 -2745.0 (12505.0, -2790.0)
R180
12495.0 -2745.0 (12485.0, -2700.0)
E3
12495.0 -2745.0 (12488.0, -2700.0)
F26
12313.0 -1575.0 (12306.0, -1530.0)
W5
12313.0 -1575.0 (12301.0, -1530.0)
R90
12313.0 -1575.0 (12358.0, -1563.0)
S5
12313.0 -1575.0 (12358.0, -1568.0)
E3
12313.0 -1575.0 (12361.0, -1568.0)
F66
15481.0 -1113.0 (15529.0, -1106.0)
L180
15481.0 -1113.0 (15433.0, -1120.0)
F57
12745.0 -1512.0 (12697.0, -1519.0)
S4
12745.0 -1512.0 (12697.0, -1523.0)
F21
11737.0 -1743.0 (11689.0, -1754.0)
L180
11737.0 -1743.0 (11785.0, -1732.0)
F99
16489.0 -654.0 (16537.0, -643.0)
W5
16489.0 -654.0 (16532.0, -643.0)
F20
17349.0 -434.0 (17392.0, -423.0)
L180
17349.0 -434.0 (17306.0, -445.0)
S3
17349.0 -434.0 (17306.0, -448.0)
R90
17349.0 -434.0 (17335.0, -391.0)
N5
17349.0 -434.0 (17335.0, -386.0)
R180
17349.0 -434.0 (17363.0, -482.0)
N4
17349.0 -434.0 (17363.0, -478.0)
F53
18091.0 -2766.0 (18105.0, -2810.0)
L90
18091.0 -2766.0 (18135.0, -2752.0)
W4
18091.0 -2766.0 (18131.0, -2752.0)
R90
18091.0 -2766.0 (18105.0, -2806.0)
N1
18091.0 -2766.0 (18105.0, -2805.0)
W2
18091.0 -2766.0 (18103.0, -2805.0)
S4
18091.0 -2766.0 (18103.0, -2809.0)
F50
18691.0 -4916.0 (18703.0, -4959.0)
E1
18691.0 -4916.0 (18704.0, -4959.0)
S3
18691.0 -4916.0 (18704.0, -4962.0)
L180
18691.0 -4916.0 (18678.0, -4870.0)
F38
18197.0 -3168.0 (18184.0, -3122.0)
E2
18197.0 -3168.0 (18186.0, -3122.0)
F97
17130.0 1294.0 (17119.0, 1340.0)
E2
17130.0 1294.0 (17121.0, 1340.0)
F50
16680.0 3594.0 (16671.0, 3640.0)
L90
16680.0 3594.0 (16634.0, 3585.0)
F21
15714.0 3405.0 (15668.0, 3396.0)
L90
15714.0 3405.0 (15723.0, 3359.0)
F10
15804.0 2945.0 (15813.0, 2899.0)
L90
15804.0 2945.0 (15850.0, 2954.0)
N3
15804.0 2945.0 (15850.0, 2957.0)
F55
18334.0 3605.0 (18380.0, 3617.0)
E1
18334.0 3605.0 (18381.0, 3617.0)
F99
22987.0 4793.0 (23034.0, 4805.0)
R90
22987.0 4793.0 (22999.0, 4746.0)
E4
22987.0 4793.0 (23003.0, 4746.0)
N2
22987.0 4793.0 (23003.0, 4748.0)
W2
22987.0 4793.0 (23001.0, 4748.0)
L90
22987.0 4793.0 (23032.0, 4807.0)
N2
22987.0 4793.0 (23032.0, 4809.0)
W4
22987.0 4793.0 (23028.0, 4809.0)
S5
22987.0 4793.0 (23028.0, 4804.0)
R270
22987.0 4793.0 (22976.0, 4834.0)
E5
22987.0 4793.0 (22981.0, 4834.0)
L90
22987.0 4793.0 (22946.0, 4787.0)
F27
21880.0 4631.0 (21839.0, 4625.0)
E3
21880.0 4631.0 (21842.0, 4625.0)
R90
21880.0 4631.0 (21874.0, 4669.0)
F93
21322.0 8165.0 (21316.0, 8203.0)
E3
21322.0 8165.0 (21319.0, 8203.0)
R90
21322.0 8165.0 (21360.0, 8168.0)
E5
21322.0 8165.0 (21365.0, 8168.0)
L270
21322.0 8165.0 (21325.0, 8122.0)
E1
21322.0 8165.0 (21326.0, 8122.0)
S1
21322.0 8165.0 (21326.0, 8121.0)
E4
21322.0 8165.0 (21330.0, 8121.0)
F88
22026.0 4293.0 (22034.0, 4249.0)
R270
22026.0 4293.0 (22070.0, 4301.0)
N5
22026.0 4293.0 (22070.0, 4306.0)
F2
22114.0 4319.0 (22158.0, 4332.0)
N1
22114.0 4319.0 (22158.0, 4333.0)
R270
22114.0 4319.0 (22100.0, 4363.0)
E5
22114.0 4319.0 (22105.0, 4363.0)
L90
22114.0 4319.0 (22070.0, 4310.0)
F82
18506.0 3581.0 (18462.0, 3572.0)
L180
18506.0 3581.0 (18550.0, 3590.0)
F52
20794.0 4049.0 (20838.0, 4058.0)
R90
20794.0 4049.0 (20803.0, 4005.0)
W5
20794.0 4049.0 (20798.0, 4005.0)
F61
21038.0 1365.0 (21042.0, 1321.0)
W3
21038.0 1365.0 (21039.0, 1321.0)
F1
21039.0 1321.0 (21040.0, 1277.0)
W5
21039.0 1321.0 (21035.0, 1277.0)
R180
21039.0 1321.0 (21043.0, 1365.0)
F78
21351.0 4753.0 (21355.0, 4797.0)
S3
21351.0 4753.0 (21355.0, 4794.0)
L270
21351.0 4753.0 (21392.0, 4749.0)
W4
21351.0 4753.0 (21388.0, 4749.0)
N1
21351.0 4753.0 (21388.0, 4750.0)
F83
24422.0 4504.0 (24459.0, 4501.0)
W1
24422.0 4504.0 (24458.0, 4501.0)
L270
24422.0 4504.0 (24419.0, 4468.0)
N4
24422.0 4504.0 (24419.0, 4472.0)
F23
24353.0 3768.0 (24350.0, 3736.0)
N1
24353.0 3768.0 (24350.0, 3737.0)
E1
24353.0 3768.0 (24351.0, 3737.0)
S5
24353.0 3768.0 (24351.0, 3732.0)
L90
24353.0 3768.0 (24389.0, 3766.0)
S5
24353.0 3768.0 (24389.0, 3761.0)
E1
24353.0 3768.0 (24390.0, 3761.0)
R180
24353.0 3768.0 (24316.0, 3775.0)
E4
24353.0 3768.0 (24320.0, 3775.0)
F98
21119.0 4454.0 (21086.0, 4461.0)
N5
21119.0 4454.0 (21086.0, 4466.0)
R90
21119.0 4454.0 (21131.0, 4487.0)
F18
21335.0 5048.0 (21347.0, 5081.0)
R90
21335.0 5048.0 (21368.0, 5036.0)
F10
21665.0 4928.0 (21698.0, 4916.0)
L90
21665.0 4928.0 (21677.0, 4961.0)
F100
22865.0 8228.0 (22877.0, 8261.0)
L90
22865.0 8228.0 (22832.0, 8240.0)
W3
22865.0 8228.0 (22829.0, 8240.0)
S2
22865.0 8228.0 (22829.0, 8238.0)
E2
22865.0 8228.0 (22831.0, 8238.0)
N1
22865.0 8228.0 (22831.0, 8239.0)
W4
22865.0 8228.0 (22827.0, 8239.0)
F3
22751.0 8261.0 (22713.0, 8272.0)
W1
22751.0 8261.0 (22712.0, 8272.0)
L90
22751.0 8261.0 (22740.0, 8222.0)
F42
22289.0 6623.0 (22278.0, 6584.0)
S4
22289.0 6623.0 (22278.0, 6580.0)
E5
22289.0 6623.0 (22283.0, 6580.0)
L90
22289.0 6623.0 (22332.0, 6617.0)
F13
22848.0 6545.0 (22891.0, 6539.0)
S5
22848.0 6545.0 (22891.0, 6534.0)
F82
26374.0 5643.0 (26417.0, 5632.0)
S2
26374.0 5643.0 (26417.0, 5630.0)
W3
26374.0 5643.0 (26414.0, 5630.0)
N5
26374.0 5643.0 (26414.0, 5635.0)
F50
28374.0 5243.0 (28414.0, 5235.0)
W4
28374.0 5243.0 (28410.0, 5235.0)
F50
30174.0 4843.0 (30210.0, 4835.0)
L90
30174.0 4843.0 (30182.0, 4879.0)
F2
30190.0 4915.0 (30198.0, 4951.0)
F26
30398.0 5851.0 (30406.0, 5887.0)
W2
30398.0 5851.0 (30404.0, 5887.0)
N3
30398.0 5851.0 (30404.0, 5890.0)
F2
30410.0 5929.0 (30416.0, 5968.0)
S3
30410.0 5929.0 (30416.0, 5965.0)
F94
30974.0 9313.0 (30980.0, 9349.0)
S2
30974.0 9313.0 (30980.0, 9347.0)
E3
30974.0 9313.0 (30983.0, 9347.0)
S5
30974.0 9313.0 (30983.0, 9342.0)
E4
30974.0 9313.0 (30987.0, 9342.0)
S1
30974.0 9313.0 (30987.0, 9341.0)
F17
31195.0 9789.0 (31208.0, 9817.0)
N4
31195.0 9789.0 (31208.0, 9821.0)
W1
31195.0 9789.0 (31207.0, 9821.0)
L90
31195.0 9789.0 (31163.0, 9801.0)
W5
31195.0 9789.0 (31158.0, 9801.0)
N4
31195.0 9789.0 (31158.0, 9805.0)
E5
31195.0 9789.0 (31163.0, 9805.0)
F31
30203.0 10285.0 (30171.0, 10301.0)
R270
30203.0 10285.0 (30187.0, 10253.0)
E3
30203.0 10285.0 (30190.0, 10253.0)
F21
29930.0 9613.0 (29917.0, 9581.0)
E5
29930.0 9613.0 (29922.0, 9581.0)
F62
29434.0 7629.0 (29426.0, 7597.0)
W1
29434.0 7629.0 (29425.0, 7597.0)
N5
29434.0 7629.0 (29425.0, 7602.0)
F43
29047.0 6468.0 (29038.0, 6441.0)
R90
29047.0 6468.0 (29020.0, 6477.0)
S4
29047.0 6468.0 (29020.0, 6473.0)
F81
26860.0 6873.0 (26833.0, 6878.0)
W3
26860.0 6873.0 (26830.0, 6878.0)
S4
26860.0 6873.0 (26830.0, 6874.0)
L90
26860.0 6873.0 (26859.0, 6843.0)
E2
26860.0 6873.0 (26861.0, 6843.0)
L90
26860.0 6873.0 (26890.0, 6874.0)
S1
26860.0 6873.0 (26890.0, 6873.0)
F67
28870.0 6873.0 (28900.0, 6873.0)
W3
28870.0 6873.0 (28897.0, 6873.0)
R180
28870.0 6873.0 (28843.0, 6873.0)
W2
28870.0 6873.0 (28841.0, 6873.0)
F76
26666.0 6873.0 (26637.0, 6873.0)
F96
23882.0 6873.0 (23853.0, 6873.0)
R90
23882.0 6873.0 (23882.0, 6902.0)
F72
23882.0 8961.0 (23882.0, 8990.0)
E2
23882.0 8961.0 (23884.0, 8990.0)
R90
23882.0 8961.0 (23911.0, 8959.0)
N5
23882.0 8961.0 (23911.0, 8964.0)
E3
23882.0 8961.0 (23914.0, 8964.0)
E1
23882.0 8961.0 (23915.0, 8964.0)
F87
26753.0 9222.0 (26786.0, 9225.0)
E3
26753.0 9222.0 (26789.0, 9225.0)
L90
26753.0 9222.0 (26750.0, 9258.0)
S2
26753.0 9222.0 (26750.0, 9256.0)
L90
26753.0 9222.0 (26719.0, 9219.0)
S3
26753.0 9222.0 (26719.0, 9216.0)
W1
26753.0 9222.0 (26718.0, 9216.0)
R90
26753.0 9222.0 (26747.0, 9257.0)
S2
26753.0 9222.0 (26747.0, 9255.0)
E1
26753.0 9222.0 (26748.0, 9255.0)
L180
26753.0 9222.0 (26758.0, 9189.0)
F82
27163.0 6516.0 (27168.0, 6483.0)
E5
27163.0 6516.0 (27173.0, 6483.0)
F91
28073.0 3513.0 (28083.0, 3480.0)
N4
28073.0 3513.0 (28083.0, 3484.0)
R90
28073.0 3513.0 (28044.0, 3503.0)
W3
28073.0 3513.0 (28041.0, 3503.0)
S5
28073.0 3513.0 (28041.0, 3498.0)
E2
28073.0 3513.0 (28043.0, 3498.0)
F74
25853.0 2403.0 (25823.0, 2388.0)
S5
25853.0 2403.0 (25823.0, 2383.0)
F32
24893.0 1763.0 (24863.0, 1743.0)
S5
24893.0 1763.0 (24863.0, 1738.0)
L180
24893.0 1763.0 (24923.0, 1788.0)
N3
24893.0 1763.0 (24923.0, 1791.0)
R90
24893.0 1763.0 (24921.0, 1733.0)
N1
24893.0 1763.0 (24921.0, 1734.0)
F11
25201.0 1444.0 (25229.0, 1415.0)
E3
25201.0 1444.0 (25232.0, 1415.0)
F9
25480.0 1183.0 (25511.0, 1154.0)
N3
25480.0 1183.0 (25511.0, 1157.0)
F83
28053.0 -975.0 (28084.0, -1001.0)
E3
28053.0 -975.0 (28087.0, -1001.0)
F51
29787.0 -2301.0 (29821.0, -2327.0)
R90
29787.0 -2301.0 (29761.0, -2335.0)
S1
29787.0 -2301.0 (29761.0, -2336.0)
F19
29293.0 -2966.0 (29267.0, -3001.0)
L180
29293.0 -2966.0 (29319.0, -2931.0)
F61
30879.0 -831.0 (30905.0, -796.0)
R180
30879.0 -831.0 (30853.0, -866.0)
E4
30879.0 -831.0 (30857.0, -866.0)
F34
30131.0 -2021.0 (30109.0, -2056.0)
S5
30131.0 -2021.0 (30109.0, -2061.0)
R180
30131.0 -2021.0 (30153.0, -1981.0)
S1
30131.0 -2021.0 (30153.0, -1982.0)
W4
30131.0 -2021.0 (30149.0, -1982.0)
N4
30131.0 -2021.0 (30149.0, -1978.0)
R90
30131.0 -2021.0 (30174.0, -2039.0)
W1
30131.0 -2021.0 (30173.0, -2039.0)
F23
31097.0 -2435.0 (31139.0, -2453.0)
W2
31097.0 -2435.0 (31137.0, -2453.0)
F93
34817.0 -4109.0 (34857.0, -4127.0)
E1
34817.0 -4109.0 (34858.0, -4127.0)
S4
34817.0 -4109.0 (34858.0, -4131.0)
F6
35063.0 -4241.0 (35104.0, -4263.0)
E1
35063.0 -4241.0 (35105.0, -4263.0)
E5
35063.0 -4241.0 (35110.0, -4263.0)
F82
38917.0 -6045.0 (38964.0, -6067.0)
E1
38917.0 -6045.0 (38965.0, -6067.0)
S1
38917.0 -6045.0 (38965.0, -6068.0)
E3
38917.0 -6045.0 (38968.0, -6068.0)
R180
38917.0 -6045.0 (38866.0, -6022.0)
E5
38917.0 -6045.0 (38871.0, -6022.0)
F71
35651.0 -4412.0 (35605.0, -4389.0)
N1
35651.0 -4412.0 (35605.0, -4388.0)
L90
35651.0 -4412.0 (35627.0, -4458.0)
N3
35651.0 -4412.0 (35627.0, -4455.0)
W1
35651.0 -4412.0 (35626.0, -4455.0)
F94
33301.0 -8454.0 (33276.0, -8497.0)
R270
33301.0 -8454.0 (33344.0, -8479.0)
F33
34720.0 -9279.0 (34763.0, -9304.0)
N2
34720.0 -9279.0 (34763.0, -9302.0)
R90
34720.0 -9279.0 (34697.0, -9322.0)
E1
34720.0 -9279.0 (34698.0, -9322.0)
F52
33576.0 -11515.0 (33554.0, -11558.0)
N4
33576.0 -11515.0 (33554.0, -11554.0)
W1
33576.0 -11515.0 (33553.0, -11554.0)
L90
33576.0 -11515.0 (33615.0, -11538.0)
S1
33576.0 -11515.0 (33615.0, -11539.0)
F71
36345.0 -13219.0 (36384.0, -13243.0)
N4
36345.0 -13219.0 (36384.0, -13239.0)
R180
36345.0 -13219.0 (36306.0, -13199.0)
S1
36345.0 -13219.0 (36306.0, -13200.0)
E1
36345.0 -13219.0 (36307.0, -13200.0)
S4
36345.0 -13219.0 (36307.0, -13204.0)
F29
35243.0 -12784.0 (35205.0, -12769.0)
W4
35243.0 -12784.0 (35201.0, -12769.0)
L90
35243.0 -12784.0 (35228.0, -12826.0)
F43
34598.0 -14590.0 (34583.0, -14632.0)
L90
34598.0 -14590.0 (34640.0, -14605.0)
F13
35144.0 -14785.0 (35186.0, -14800.0)
W2
35144.0 -14785.0 (35184.0, -14800.0)
S3
35144.0 -14785.0 (35184.0, -14803.0)
W4
35144.0 -14785.0 (35180.0, -14803.0)
N5
35144.0 -14785.0 (35180.0, -14798.0)
W3
35144.0 -14785.0 (35177.0, -14798.0)
F41
36497.0 -15318.0 (36530.0, -15331.0)
E2
36497.0 -15318.0 (36532.0, -15331.0)
F69
38912.0 -16215.0 (38947.0, -16228.0)
L90
38912.0 -16215.0 (38925.0, -16180.0)
F4
38964.0 -16075.0 (38977.0, -16040.0)
W1
38964.0 -16075.0 (38976.0, -16040.0)
F77
39888.0 -13380.0 (39900.0, -13345.0)
N5
39888.0 -13380.0 (39900.0, -13340.0)
F17
40092.0 -12700.0 (40104.0, -12660.0)
E1
40092.0 -12700.0 (40105.0, -12660.0)
F99
41379.0 -8740.0 (41392.0, -8700.0)
S2
41379.0 -8740.0 (41392.0, -8702.0)
E5
41379.0 -8740.0 (41397.0, -8702.0)
L90
41379.0 -8740.0 (41341.0, -8722.0)
F92
37883.0 -7084.0 (37845.0, -7066.0)
R90
37883.0 -7084.0 (37901.0, -7046.0)
E3
37883.0 -7084.0 (37904.0, -7046.0)
R90
37883.0 -7084.0 (37921.0, -7105.0)
N1
37883.0 -7084.0 (37921.0, -7104.0)
F19
38605.0 -7464.0 (38643.0, -7484.0)
S1
38605.0 -7464.0 (38643.0, -7485.0)
R90
38605.0 -7464.0 (38584.0, -7502.0)
W5
38605.0 -7464.0 (38579.0, -7502.0)
N5
38605.0 -7464.0 (38579.0, -7497.0)
L90
38605.0 -7464.0 (38638.0, -7490.0)
S1
38605.0 -7464.0 (38638.0, -7491.0)
E2
38605.0 -7464.0 (38640.0, -7491.0)
N2
38605.0 -7464.0 (38640.0, -7489.0)
E3
38605.0 -7464.0 (38643.0, -7489.0)
S1
38605.0 -7464.0 (38643.0, -7490.0)
F76
41493.0 -9440.0 (41531.0, -9466.0)
E2
41493.0 -9440.0 (41533.0, -9466.0)
S4
41493.0 -9440.0 (41533.0, -9470.0)
L90
41493.0 -9440.0 (41523.0, -9400.0)
F32
42453.0 -8160.0 (42483.0, -8120.0)
N1
42453.0 -8160.0 (42483.0, -8119.0)
W1
42453.0 -8160.0 (42482.0, -8119.0)
F12
42801.0 -7668.0 (42830.0, -7627.0)
E2
42801.0 -7668.0 (42832.0, -7627.0)
W2
42801.0 -7668.0 (42830.0, -7627.0)
F19
43352.0 -6889.0 (43381.0, -6848.0)
S1
43352.0 -6889.0 (43381.0, -6849.0)
F94
46078.0 -3129.0 (46107.0, -3089.0)
N3
46078.0 -3129.0 (46107.0, -3086.0)
F72
48166.0 -33.0 (48195.0, 10.0)
L180
48166.0 -33.0 (48137.0, -76.0)
F4
48050.0 -205.0 (48021.0, -248.0)
N4
48050.0 -205.0 (48021.0, -244.0)
W5
48050.0 -205.0 (48016.0, -244.0)
F82
45262.0 -3403.0 (45228.0, -3442.0)
W3
45262.0 -3403.0 (45225.0, -3442.0)
F30
44152.0 -4573.0 (44115.0, -4612.0)
S5
44152.0 -4573.0 (44115.0, -4617.0)
F21
43375.0 -5497.0 (43338.0, -5541.0)
S1
43375.0 -5497.0 (43338.0, -5542.0)
W3
43375.0 -5497.0 (43335.0, -5542.0)
R90
43375.0 -5497.0 (43330.0, -5457.0)
W5
43375.0 -5497.0 (43325.0, -5457.0)
L270
43375.0 -5497.0 (43415.0, -5447.0)
N1
43375.0 -5497.0 (43415.0, -5446.0)
W3
43375.0 -5497.0 (43412.0, -5446.0)
S1
43375.0 -5497.0 (43412.0, -5447.0)
W5
43375.0 -5497.0 (43407.0, -5447.0)
F45
44815.0 -3247.0 (44847.0, -3197.0)
R90
44815.0 -3247.0 (44865.0, -3279.0)
N1
44815.0 -3247.0 (44865.0, -3278.0)
R90
44815.0 -3247.0 (44784.0, -3297.0)
F21
44164.0 -4297.0 (44133.0, -4347.0)
N2
44164.0 -4297.0 (44133.0, -4345.0)
F42
42862.0 -6313.0 (42831.0, -6361.0)
L90
42862.0 -6313.0 (42910.0, -6344.0)
F72
46318.0 -8545.0 (46366.0, -8576.0)
N5
46318.0 -8545.0 (46366.0, -8571.0)
F85
50398.0 -10755.0 (50446.0, -10781.0)
W2
50398.0 -10755.0 (50444.0, -10781.0)
F68
53526.0 -12523.0 (53572.0, -12549.0)
F20
54446.0 -13043.0 (54492.0, -13069.0)
W3
54446.0 -13043.0 (54489.0, -13069.0)
S1
54446.0 -13043.0 (54489.0, -13070.0)
W4
54446.0 -13043.0 (54485.0, -13070.0)
S3
54446.0 -13043.0 (54485.0, -13073.0)
F59
56747.0 -14813.0 (56786.0, -14843.0)
N1
56747.0 -14813.0 (56786.0, -14842.0)
L90
56747.0 -14813.0 (56776.0, -14774.0)
E5
56747.0 -14813.0 (56781.0, -14774.0)
N1
56747.0 -14813.0 (56781.0, -14773.0)
R90
56747.0 -14813.0 (56787.0, -14847.0)
S5
56747.0 -14813.0 (56787.0, -14852.0)
F56
58987.0 -16997.0 (59027.0, -17036.0)
W2
58987.0 -16997.0 (59025.0, -17036.0)
S1
58987.0 -16997.0 (59025.0, -17037.0)
F3
59101.0 -17117.0 (59139.0, -17157.0)
N4
59101.0 -17117.0 (59139.0, -17153.0)
W3
59101.0 -17117.0 (59136.0, -17153.0)
F89
62216.0 -20321.0 (62251.0, -20357.0)
E5
62216.0 -20321.0 (62256.0, -20357.0)
N3
62216.0 -20321.0 (62256.0, -20354.0)
E3
62216.0 -20321.0 (62259.0, -20354.0)
N5
62216.0 -20321.0 (62259.0, -20349.0)
W4
62216.0 -20321.0 (62255.0, -20349.0)
F5
62411.0 -20461.0 (62450.0, -20489.0)
R90
62411.0 -20461.0 (62383.0, -20500.0)
W3
62411.0 -20461.0 (62380.0, -20500.0)
E3
62411.0 -20461.0 (62383.0, -20500.0)
R270
62411.0 -20461.0 (62450.0, -20489.0)
E2
62411.0 -20461.0 (62452.0, -20489.0)
N4
62411.0 -20461.0 (62452.0, -20485.0)
F68
65199.0 -22093.0 (65240.0, -22117.0)
R90
65199.0 -22093.0 (65175.0, -22134.0)
N1
65199.0 -22093.0 (65175.0, -22133.0)
L90
65199.0 -22093.0 (65239.0, -22117.0)
S3
65199.0 -22093.0 (65239.0, -22120.0)
F59
67559.0 -23686.0 (67599.0, -23713.0)
S2
67559.0 -23686.0 (67599.0, -23715.0)
F98
71479.0 -26528.0 (71519.0, -26557.0)
R90
71479.0 -26528.0 (71450.0, -26568.0)
S2
71479.0 -26528.0 (71450.0, -26570.0)
L90
71479.0 -26528.0 (71521.0, -26557.0)
F59
73957.0 -28239.0 (73999.0, -28268.0)
F97
78031.0 -31052.0 (78073.0, -31081.0)
E5
78031.0 -31052.0 (78078.0, -31081.0)
F20
78971.0 -31632.0 (79018.0, -31661.0)
S5
78971.0 -31632.0 (79018.0, -31666.0)
F67
82120.0 -33910.0 (82167.0, -33944.0)
W3
82120.0 -33910.0 (82164.0, -33944.0)
F100
86520.0 -37310.0 (86564.0, -37344.0)
W2
86520.0 -37310.0 (86562.0, -37344.0)
R90
86520.0 -37310.0 (86486.0, -37352.0)
N2
86520.0 -37310.0 (86486.0, -37350.0)
E4
86520.0 -37310.0 (86490.0, -37350.0)
L180
86520.0 -37310.0 (86550.0, -37270.0)
S5
86520.0 -37310.0 (86550.0, -37275.0)
R90
86520.0 -37310.0 (86555.0, -37340.0)
E2
86520.0 -37310.0 (86557.0, -37340.0)
S1
86520.0 -37310.0 (86557.0, -37341.0)
L90
86520.0 -37310.0 (86551.0, -37273.0)
S1
86520.0 -37310.0 (86551.0, -37274.0)
F38
87698.0 -35942.0 (87729.0, -35906.0)
N3
87698.0 -35942.0 (87729.0, -35903.0)
W4
87698.0 -35942.0 (87725.0, -35903.0)
F47
88967.0 -34109.0 (88994.0, -34070.0)
E3
88967.0 -34109.0 (88997.0, -34070.0)
S5
88967.0 -34109.0 (88997.0, -34075.0)
F65
90917.0 -31899.0 (90947.0, -31865.0)
N3
90917.0 -31899.0 (90947.0, -31862.0)
F10
91217.0 -31529.0 (91247.0, -31492.0)
W4
91217.0 -31529.0 (91243.0, -31492.0)
N5
91217.0 -31529.0 (91243.0, -31487.0)
L90
91217.0 -31529.0 (91175.0, -31503.0)
N3
91217.0 -31529.0 (91175.0, -31500.0)
L90
91217.0 -31529.0 (91188.0, -31571.0)
F64
89361.0 -34217.0 (89332.0, -34259.0)
S2
89361.0 -34217.0 (89332.0, -34261.0)
L90
89361.0 -34217.0 (89405.0, -34246.0)
E5
89361.0 -34217.0 (89410.0, -34246.0)
S2
89361.0 -34217.0 (89410.0, -34248.0)
E3
89361.0 -34217.0 (89413.0, -34248.0)
N5
89361.0 -34217.0 (89413.0, -34243.0)
F82
93625.0 -36349.0 (93677.0, -36375.0)
R180
93625.0 -36349.0 (93573.0, -36323.0)
F97
88581.0 -33827.0 (88529.0, -33801.0)
S2
88581.0 -33827.0 (88529.0, -33803.0)
E5
88581.0 -33827.0 (88534.0, -33803.0)
R90
88581.0 -33827.0 (88605.0, -33780.0)
W2
88581.0 -33827.0 (88603.0, -33780.0)
R90
88581.0 -33827.0 (88628.0, -33849.0)
F67
91730.0 -35301.0 (91777.0, -35323.0)
L180
91730.0 -35301.0 (91683.0, -35279.0)
E3
91730.0 -35301.0 (91686.0, -35279.0)
N2
91730.0 -35301.0 (91686.0, -35277.0)
S4
91730.0 -35301.0 (91686.0, -35281.0)
N5
91730.0 -35301.0 (91686.0, -35276.0)
R90
91730.0 -35301.0 (91755.0, -35257.0)
E1
91730.0 -35301.0 (91756.0, -35257.0)
F81
93836.0 -31737.0 (93862.0, -31693.0)
R180
93836.0 -31737.0 (93810.0, -31781.0)
N3
93836.0 -31737.0 (93810.0, -31778.0)
R90
93836.0 -31737.0 (93795.0, -31711.0)
E2
93836.0 -31737.0 (93797.0, -31711.0)
N3
93836.0 -31737.0 (93797.0, -31708.0)
W3
93836.0 -31737.0 (93794.0, -31708.0)
W1
93836.0 -31737.0 (93793.0, -31708.0)
S3
93836.0 -31737.0 (93793.0, -31711.0)
L90
93836.0 -31737.0 (93810.0, -31780.0)
F72
91964.0 -34833.0 (91938.0, -34876.0)
126797.0
